8.028000000000000469e+00 7.890000000000000346e-01 3.878999999999999915e+01 3.747599999999999909e+01 5.899999999999999689e-01 1.994500000000000028e+01 1.719000000000000128e+01 7.586599999999999966e+01 9.280000000000000471e-01 8.914999999999999147e+00 1.177069999999999936e+03 0.000000000000000000e+00 1.425000000000000044e+00 1.425000000000000044e+00 4.800000000000000100e-02 0.000000000000000000e+00
7.389000000000000234e+00 7.109999999999999654e-01 3.467699999999999960e+01 2.951399999999999935e+01 5.020000000000000018e-01 1.999500000000000099e+01 1.632999999999999829e+01 7.661199999999999477e+01 1.066000000000000059e+00 8.821999999999999176e+00 1.056406999999999925e+03 0.000000000000000000e+00 1.838000000000000078e+00 1.838000000000000078e+00 4.800000000000000100e-02 0.000000000000000000e+00
8.210000000000000853e+00 8.970000000000000195e-01 3.731400000000000006e+01 2.720700000000000074e+01 7.429999999999999938e-01 2.000000000000000000e+01 1.417999999999999972e+01 7.852299999999999613e+01 9.749999999999999778e-01 8.987000000000000099e+00 1.107483999999999924e+03 0.000000000000000000e+00 1.340999999999999970e+00 1.340999999999999970e+00 7.000000000000000666e-02 0.000000000000000000e+00
7.849999999999999645e+00 6.969999999999999529e-01 3.482999999999999829e+01 3.170700000000000074e+01 5.600000000000000533e-01 1.998999999999999844e+01 1.780999999999999872e+01 7.773199999999999932e+01 9.639999999999999680e-01 7.919999999999999929e+00 1.167720000000000027e+03 0.000000000000000000e+00 1.328000000000000069e+00 1.328000000000000069e+00 2.000000000000000042e-02 0.000000000000000000e+00
8.579000000000000625e+00 7.169999999999999707e-01 3.553199999999999648e+01 3.266400000000000148e+01 6.149999999999999911e-01 1.992500000000000071e+01 1.866000000000000014e+01 7.348099999999999454e+01 1.262000000000000011e+00 8.794000000000000483e+00 1.154071999999999889e+03 0.000000000000000000e+00 1.423000000000000043e+00 1.423000000000000043e+00 2.000000000000000042e-02 0.000000000000000000e+00
7.426000000000000156e+00 6.720000000000000417e-01 3.271500000000000341e+01 2.976000000000000156e+01 5.550000000000000488e-01 1.967500000000000071e+01 1.188000000000000078e+01 7.335299999999999443e+01 8.719999999999999973e-01 7.764999999999999680e+00 1.159234999999999900e+03 0.000000000000000000e+00 1.596999999999999975e+00 1.596999999999999975e+00 4.000000000000000083e-02 0.000000000000000000e+00
7.099000000000000199e+00 2.800000000000000266e-01 1.857600000000000051e+01 1.450500000000000078e+01 6.310000000000000053e-01 1.788500000000000156e+01 1.673000000000000043e+01 7.338500000000000512e+01 9.310000000000000497e-01 7.317999999999999616e+00 1.138375999999999976e+03 0.000000000000000000e+00 1.973999999999999977e+00 1.973999999999999977e+00 2.999999999999999889e-02 0.000000000000000000e+00
5.860000000000000320e+00 3.669999999999999929e-01 1.601999999999999957e+01 9.032999999999999474e+00 3.089999999999999969e-01 1.626500000000000057e+01 9.619999999999999218e+00 7.631100000000000705e+01 1.036000000000000032e+00 6.543999999999999595e+00 1.137359999999999900e+03 0.000000000000000000e+00 2.620000000000000107e+00 2.620000000000000107e+00 1.600000000000000033e-01 0.000000000000000000e+00
5.953999999999999737e+00 6.909999999999999476e-01 1.630799999999999983e+01 1.028400000000000070e+01 5.580000000000000515e-01 1.702499999999999858e+01 1.463000000000000078e+01 7.529900000000000659e+01 1.159000000000000030e+00 6.725999999999999979e+00 1.174678000000000111e+03 0.000000000000000000e+00 2.104000000000000092e+00 2.104000000000000092e+00 7.720000000000000195e-01 0.000000000000000000e+00
4.533999999999999808e+00 3.840000000000000080e-01 1.895400000000000063e+01 1.259999999999999964e+01 2.169999999999999984e-01 1.713500000000000156e+01 1.417999999999999972e+01 7.517799999999999727e+01 1.068999999999999950e+00 6.142999999999999794e+00 1.164584000000000060e+03 0.000000000000000000e+00 8.760000000000000009e-01 8.760000000000000009e-01 8.999999999999999667e-02 0.000000000000000000e+00
4.727999999999999758e+00 3.449999999999999734e-01 1.534500000000000064e+01 1.185899999999999999e+01 6.300000000000000044e-02 1.755499999999999972e+01 1.273000000000000043e+01 7.359099999999999397e+01 1.318000000000000060e+00 4.684000000000000163e+00 1.174204999999999927e+03 0.000000000000000000e+00 1.673000000000000043e+00 1.673000000000000043e+00 3.109999999999999987e-01 0.000000000000000000e+00
5.315999999999999837e+00 4.879999999999999893e-01 1.721699999999999875e+01 1.713299999999999912e+01 2.949999999999999845e-01 1.763500000000000156e+01 1.200999999999999979e+01 7.279800000000000182e+01 9.889999999999999902e-01 5.040000000000000036e+00 1.220666999999999916e+03 0.000000000000000000e+00 1.177999999999999936e+00 1.177999999999999936e+00 2.000000000000000111e-01 0.000000000000000000e+00
6.665000000000000036e+00 5.889999999999999680e-01 2.205900000000000105e+01 2.214900000000000091e+01 4.390000000000000013e-01 1.894000000000000128e+01 1.500000000000000000e+01 7.372199999999999420e+01 1.090999999999999970e+00 6.198999999999999844e+00 1.190229000000000042e+03 0.000000000000000000e+00 1.493000000000000105e+00 1.493000000000000105e+00 1.089999999999999997e-01 0.000000000000000000e+00
7.386000000000000121e+00 7.740000000000000213e-01 3.224699999999999989e+01 3.246300000000000097e+01 6.009999999999999787e-01 1.948000000000000043e+01 2.407000000000000028e+01 7.322899999999999920e+01 1.139999999999999902e+00 7.418000000000000149e+00 1.188376999999999953e+03 0.000000000000000000e+00 1.627000000000000002e+00 1.627000000000000002e+00 2.999999999999999889e-02 0.000000000000000000e+00
7.261000000000000121e+00 7.259999999999999787e-01 2.786400000000000077e+01 2.985000000000000142e+01 4.769999999999999796e-01 1.839000000000000057e+01 1.767999999999999972e+01 7.491400000000000148e+01 8.719999999999999973e-01 7.407000000000000028e+00 1.196243999999999915e+03 0.000000000000000000e+00 1.602000000000000091e+00 1.602000000000000091e+00 5.800000000000000294e-02 0.000000000000000000e+00
5.982999999999999652e+00 5.889999999999999680e-01 9.926999999999999602e+00 1.602599999999999980e+01 4.000000000000000222e-01 1.703000000000000114e+01 1.108000000000000007e+01 7.268000000000000682e+01 9.360000000000000542e-01 6.269999999999999574e+00 1.183767000000000053e+03 0.000000000000000000e+00 2.119000000000000217e+00 2.119000000000000217e+00 9.700000000000000289e-02 0.000000000000000000e+00
4.842999999999999972e+00 3.119999999999999996e-01 1.107900000000000063e+01 1.180499999999999972e+01 2.690000000000000169e-01 1.744999999999999929e+01 1.471000000000000085e+01 7.418999999999999773e+01 1.266000000000000014e+00 5.068999999999999950e+00 1.193808999999999969e+03 0.000000000000000000e+00 2.141999999999999904e+00 2.141999999999999904e+00 3.810000000000000053e-01 0.000000000000000000e+00
2.603000000000000203e+00 3.599999999999999867e-01 7.937999999999999723e+00 7.283999999999999808e+00 1.079999999999999988e-01 1.649500000000000099e+01 1.336999999999999922e+01 7.229900000000000659e+01 4.689999999999999725e-01 3.237000000000000099e+00 1.205857999999999947e+03 0.000000000000000000e+00 2.153999999999999915e+00 2.153999999999999915e+00 2.200000000000000011e-01 0.000000000000000000e+00
1.157999999999999918e+00 1.799999999999999933e-01 3.104999999999999982e+00 3.309000000000000163e+00 1.000000000000000021e-02 1.575000000000000000e+01 1.084999999999999964e+01 7.184000000000000341e+01 5.540000000000000480e-01 1.834000000000000075e+00 1.204525000000000091e+03 0.000000000000000000e+00 1.810999999999999943e+00 1.810999999999999943e+00 2.999999999999999889e-02 0.000000000000000000e+00
1.743000000000000105e+00 1.380000000000000115e-01 2.951999999999999957e+00 5.528999999999999915e+00 8.999999999999999320e-03 1.610999999999999943e+01 1.737999999999999901e+01 7.040800000000000125e+01 3.449999999999999734e-01 2.313000000000000167e+00 1.234892000000000053e+03 0.000000000000000000e+00 1.739000000000000101e+00 1.739000000000000101e+00 1.449999999999999900e-01 0.000000000000000000e+00
2.599000000000000199e+00 3.430000000000000271e-01 1.043999999999999950e+01 8.490000000000000213e+00 1.880000000000000004e-01 1.657499999999999929e+01 1.363000000000000078e+01 6.962999999999999545e+01 5.560000000000000497e-01 2.512000000000000011e+00 1.173920000000000073e+03 0.000000000000000000e+00 1.788000000000000034e+00 1.788000000000000034e+00 3.960000000000000187e-01 0.000000000000000000e+00
6.932999999999999829e+00 8.719999999999999973e-01 2.634299999999999997e+01 2.427599999999999980e+01 5.879999999999999671e-01 1.926500000000000057e+01 1.289000000000000057e+01 7.448999999999999488e+01 6.670000000000000373e-01 5.522999999999999687e+00 1.192343000000000075e+03 0.000000000000000000e+00 1.487999999999999989e+00 1.487999999999999989e+00 8.999999999999999667e-02 0.000000000000000000e+00
8.087999999999999190e+00 8.659999999999999920e-01 3.248100000000000165e+01 3.267300000000000182e+01 5.580000000000000515e-01 1.948999999999999844e+01 2.230999999999999872e+01 7.337199999999999989e+01 9.370000000000000551e-01 7.562000000000000277e+00 1.175171000000000049e+03 0.000000000000000000e+00 1.598999999999999977e+00 1.598999999999999977e+00 1.899999999999999953e-02 0.000000000000000000e+00
7.275999999999999801e+00 9.190000000000000391e-01 2.668499999999999872e+01 2.696699999999999875e+01 4.989999999999999991e-01 1.863500000000000156e+01 1.926999999999999957e+01 7.574200000000000443e+01 9.859999999999999876e-01 6.581999999999999851e+00 1.231744999999999891e+03 0.000000000000000000e+00 1.804000000000000048e+00 1.804000000000000048e+00 3.699999999999999817e-02 0.000000000000000000e+00
5.722999999999999865e+00 6.770000000000000462e-01 1.353599999999999959e+01 1.125900000000000034e+01 1.940000000000000058e-01 1.694000000000000128e+01 1.223000000000000043e+01 7.273699999999999477e+01 8.419999999999999707e-01 4.891000000000000014e+00 1.171905999999999949e+03 0.000000000000000000e+00 2.334999999999999964e+00 2.334999999999999964e+00 4.299999999999999933e-01 0.000000000000000000e+00
5.201999999999999957e+00 3.430000000000000271e-01 1.216799999999999926e+01 9.012000000000000455e+00 3.659999999999999920e-01 1.683999999999999986e+01 1.423000000000000043e+01 6.860200000000000387e+01 1.114999999999999991e+00 5.286999999999999922e+00 1.184607999999999947e+03 0.000000000000000000e+00 1.683000000000000052e+00 1.683000000000000052e+00 4.359999999999999987e-01 0.000000000000000000e+00
4.533000000000000362e+00 1.950000000000000067e-01 9.701999999999999957e+00 1.127399999999999913e+01 3.029999999999999916e-01 1.709499999999999886e+01 1.157000000000000028e+01 7.214799999999999613e+01 1.177999999999999936e+00 4.828999999999999737e+00 1.207132000000000062e+03 0.000000000000000000e+00 1.631000000000000005e+00 1.631000000000000005e+00 3.780000000000000027e-01 0.000000000000000000e+00
4.875000000000000000e+00 1.789999999999999925e-01 1.557000000000000028e+01 1.603500000000000014e+01 2.690000000000000169e-01 1.748499999999999943e+01 1.166000000000000014e+01 7.290099999999999625e+01 6.820000000000000506e-01 4.971000000000000085e+00 1.201170000000000073e+03 0.000000000000000000e+00 1.354999999999999982e+00 1.354999999999999982e+00 1.350000000000000089e-01 0.000000000000000000e+00
2.092999999999999972e+00 1.869999999999999996e-01 6.705000000000000071e+00 4.937999999999999723e+00 2.989999999999999880e-01 1.657999999999999829e+01 3.109999999999999876e+00 6.577299999999999613e+01 1.004000000000000004e+00 1.977999999999999980e+00 1.185585000000000036e+03 0.000000000000000000e+00 1.300000000000000044e+00 1.300000000000000044e+00 5.999999999999999778e-02 0.000000000000000000e+00
2.733000000000000096e+00 2.119999999999999940e-01 1.396799999999999997e+01 1.260299999999999976e+01 4.000000000000000083e-02 1.705000000000000071e+01 1.180000000000000071e+01 6.570900000000000318e+01 5.719999999999999529e-01 4.131000000000000227e+00 1.217698000000000093e+03 0.000000000000000000e+00 1.268000000000000016e+00 1.268000000000000016e+00 8.999999999999999667e-02 0.000000000000000000e+00
6.485999999999999766e+00 6.610000000000000320e-01 2.114099999999999824e+01 2.077199999999999847e+01 3.300000000000000155e-01 1.891499999999999915e+01 1.707000000000000028e+01 7.174399999999999977e+01 8.980000000000000204e-01 5.532000000000000028e+00 1.200861000000000104e+03 0.000000000000000000e+00 1.395000000000000018e+00 1.395000000000000018e+00 1.749999999999999889e-01 0.000000000000000000e+00
7.408000000000000362e+00 4.369999999999999996e-01 3.140099999999999980e+01 3.066000000000000014e+01 6.770000000000000462e-01 1.950499999999999901e+01 1.705000000000000071e+01 7.361199999999999477e+01 8.960000000000000187e-01 7.419999999999999929e+00 1.178431000000000040e+03 0.000000000000000000e+00 1.622000000000000108e+00 1.622000000000000108e+00 3.519999999999999796e-01 0.000000000000000000e+00
7.692999999999999616e+00 5.040000000000000036e-01 2.941199999999999903e+01 2.705699999999999861e+01 5.809999999999999609e-01 1.866499999999999915e+01 1.807999999999999829e+01 7.456499999999999773e+01 8.669999999999999929e-01 6.453000000000000291e+00 1.146832000000000107e+03 0.000000000000000000e+00 1.897999999999999909e+00 1.897999999999999909e+00 2.800000000000000058e-02 0.000000000000000000e+00
5.432000000000000384e+00 6.820000000000000506e-01 1.335599999999999987e+01 1.208699999999999974e+01 5.020000000000000018e-01 1.729500000000000171e+01 1.591999999999999993e+01 7.640399999999999636e+01 1.207999999999999963e+00 4.570000000000000284e+00 1.199165999999999940e+03 0.000000000000000000e+00 2.000999999999999890e+00 2.000999999999999890e+00 2.939999999999999836e-01 0.000000000000000000e+00
5.259000000000000341e+00 4.949999999999999956e-01 1.183500000000000085e+01 1.615200000000000102e+01 2.119999999999999940e-01 1.698499999999999943e+01 9.970000000000000639e+00 7.269400000000000261e+01 9.779999999999999805e-01 5.423000000000000043e+00 1.199954999999999927e+03 0.000000000000000000e+00 1.774999999999999911e+00 1.774999999999999911e+00 1.179999999999999938e-01 0.000000000000000000e+00
4.344999999999999751e+00 2.530000000000000027e-01 9.773999999999999133e+00 1.367999999999999972e+01 9.700000000000000289e-02 1.707499999999999929e+01 1.003999999999999915e+01 6.990399999999999636e+01 8.860000000000000098e-01 3.238999999999999879e+00 1.218054000000000087e+03 0.000000000000000000e+00 1.883999999999999897e+00 1.883999999999999897e+00 1.910000000000000031e-01 0.000000000000000000e+00
4.267999999999999794e+00 1.469999999999999918e-01 1.091699999999999982e+01 1.420199999999999996e+01 2.129999999999999949e-01 1.762999999999999901e+01 1.025999999999999979e+01 7.087900000000000489e+01 7.770000000000000240e-01 2.908999999999999808e+00 1.210307000000000016e+03 0.000000000000000000e+00 1.508999999999999897e+00 1.508999999999999897e+00 5.999999999999999778e-02 0.000000000000000000e+00
2.142999999999999794e+00 1.859999999999999987e-01 6.389999999999999680e+00 5.583000000000000185e+00 1.809999999999999942e-01 1.612500000000000000e+01 4.099999999999999645e+00 6.372699999999999676e+01 2.550000000000000044e-01 1.000999999999999890e+00 1.186319999999999936e+03 0.000000000000000000e+00 1.098000000000000087e+00 1.098000000000000087e+00 3.599999999999999867e-01 0.000000000000000000e+00
1.052999999999999936e+00 1.019999999999999934e-01 2.439000000000000057e+00 2.196000000000000174e+00 4.000000000000000083e-03 1.558000000000000007e+01 2.520000000000000018e+00 6.121099999999999852e+01 2.020000000000000129e-01 5.739999999999999547e-01 1.205328999999999951e+03 0.000000000000000000e+00 1.068000000000000060e+00 1.068000000000000060e+00 8.169999999999999485e-01 0.000000000000000000e+00
7.384999999999999787e+00 9.000000000000000222e-01 2.454299999999999926e+01 2.225700000000000145e+01 5.899999999999999689e-01 1.893499999999999872e+01 1.823999999999999844e+01 7.234499999999999886e+01 8.289999999999999591e-01 5.623999999999999666e+00 1.192292999999999893e+03 0.000000000000000000e+00 1.326000000000000068e+00 1.326000000000000068e+00 8.899999999999999578e-02 0.000000000000000000e+00
8.019999999999999574e+00 8.010000000000000453e-01 3.206700000000000017e+01 3.175199999999999889e+01 7.940000000000000391e-01 1.943499999999999872e+01 1.839999999999999858e+01 7.328400000000000603e+01 9.499999999999999556e-01 7.666000000000000369e+00 1.186376999999999953e+03 0.000000000000000000e+00 1.860999999999999988e+00 1.860999999999999988e+00 2.900000000000000147e-02 0.000000000000000000e+00
8.262999999999999901e+00 7.930000000000000382e-01 3.094200000000000017e+01 2.681700000000000017e+01 6.229999999999999982e-01 1.816499999999999915e+01 1.352999999999999936e+01 7.325799999999999557e+01 9.519999999999999574e-01 7.568999999999999950e+00 1.169291999999999916e+03 0.000000000000000000e+00 2.137999999999999901e+00 2.137999999999999901e+00 1.000000000000000021e-02 0.000000000000000000e+00
6.184000000000000163e+00 4.809999999999999831e-01 1.572300000000000075e+01 1.425300000000000011e+01 5.020000000000000018e-01 1.635999999999999943e+01 1.253999999999999915e+01 7.158199999999999363e+01 8.529999999999999805e-01 6.365000000000000213e+00 1.186692999999999984e+03 0.000000000000000000e+00 1.844999999999999973e+00 1.844999999999999973e+00 7.499999999999999722e-02 0.000000000000000000e+00
5.038999999999999702e+00 3.079999999999999960e-01 1.169100000000000072e+01 1.016399999999999970e+01 1.729999999999999871e-01 1.471499999999999986e+01 8.060000000000000497e+00 7.263800000000000523e+01 7.339999999999999858e-01 5.844000000000000306e+00 1.189030999999999949e+03 0.000000000000000000e+00 2.771999999999999797e+00 2.771999999999999797e+00 2.730000000000000204e-01 0.000000000000000000e+00
5.352000000000000313e+00 4.319999999999999951e-01 1.353599999999999959e+01 1.153800000000000026e+01 3.260000000000000120e-01 1.372000000000000064e+01 5.009999999999999787e+00 7.304699999999999704e+01 1.201000000000000068e+00 6.320999999999999730e+00 1.209496000000000095e+03 0.000000000000000000e+00 3.109999999999999876e+00 3.109999999999999876e+00 1.469999999999999918e-01 0.000000000000000000e+00
5.102000000000000313e+00 8.300000000000000433e-02 1.098000000000000043e+01 1.120500000000000007e+01 4.289999999999999925e-01 1.520500000000000007e+01 1.015000000000000036e+01 7.265699999999999648e+01 1.052999999999999936e+00 7.213000000000000078e+00 1.184470000000000027e+03 0.000000000000000000e+00 2.165000000000000036e+00 2.165000000000000036e+00 2.469999999999999973e-01 0.000000000000000000e+00
2.181999999999999940e+00 1.029999999999999943e-01 3.708000000000000185e+00 4.751999999999999780e+00 1.370000000000000107e-01 1.205000000000000071e+01 3.770000000000000018e+00 6.684900000000000375e+01 5.709999999999999520e-01 5.847999999999999865e+00 1.214228000000000065e+03 0.000000000000000000e+00 2.720000000000000195e+00 2.720000000000000195e+00 2.790000000000000258e-01 0.000000000000000000e+00
2.476999999999999869e+00 1.089999999999999997e-01 4.283999999999999808e+00 4.778999999999999915e+00 7.799999999999999989e-02 1.185999999999999943e+01 3.430000000000000160e+00 6.398700000000000188e+01 4.219999999999999862e-01 4.490000000000000213e+00 1.209134000000000015e+03 0.000000000000000000e+00 2.649000000000000021e+00 2.649000000000000021e+00 8.970000000000000195e-01 0.000000000000000000e+00
6.730999999999999872e+00 6.119999999999999885e-01 2.399399999999999977e+01 2.333699999999999974e+01 5.170000000000000151e-01 1.796499999999999986e+01 1.857999999999999829e+01 7.363899999999999579e+01 1.080000000000000071e+00 6.777000000000000135e+00 1.196644000000000005e+03 0.000000000000000000e+00 2.095000000000000195e+00 2.095000000000000195e+00 1.360000000000000098e-01 0.000000000000000000e+00
7.487000000000000099e+00 8.519999999999999796e-01 3.342600000000000193e+01 2.953800000000000026e+01 5.480000000000000426e-01 1.917500000000000071e+01 1.580000000000000071e+01 7.692600000000000193e+01 1.181999999999999940e+00 8.340999999999999304e+00 1.164145999999999958e+03 0.000000000000000000e+00 1.524000000000000021e+00 1.524000000000000021e+00 6.900000000000000577e-02 0.000000000000000000e+00
7.567000000000000171e+00 6.209999999999999964e-01 3.063599999999999923e+01 2.795400000000000063e+01 7.530000000000000027e-01 1.782499999999999929e+01 2.010000000000000142e+01 7.498799999999999955e+01 1.042000000000000037e+00 9.420999999999999375e+00 1.124816000000000031e+03 0.000000000000000000e+00 1.987999999999999989e+00 1.987999999999999989e+00 8.899999999999999578e-02 0.000000000000000000e+00
5.839000000000000412e+00 6.059999999999999831e-01 1.336500000000000021e+01 1.273499999999999943e+01 2.089999999999999913e-01 1.348000000000000043e+01 1.509999999999999964e+01 7.462800000000000011e+01 1.302000000000000046e+00 5.570000000000000284e+00 1.178384999999999991e+03 0.000000000000000000e+00 2.487000000000000099e+00 2.487000000000000099e+00 3.220000000000000084e-01 0.000000000000000000e+00
4.519000000000000128e+00 5.060000000000000053e-01 1.394999999999999929e+01 1.303500000000000014e+01 5.090000000000000080e-01 1.511500000000000021e+01 1.478999999999999915e+01 7.136599999999999966e+01 8.679999999999999938e-01 4.918999999999999595e+00 1.148240000000000009e+03 0.000000000000000000e+00 2.692000000000000171e+00 2.692000000000000171e+00 1.427000000000000046e+00 0.000000000000000000e+00
5.052999999999999936e+00 6.209999999999999964e-01 1.418399999999999928e+01 1.453200000000000003e+01 3.830000000000000071e-01 1.551500000000000057e+01 1.400999999999999979e+01 7.261599999999999966e+01 1.008999999999999897e+00 4.243000000000000327e+00 1.203634000000000015e+03 0.000000000000000000e+00 2.233999999999999986e+00 2.233999999999999986e+00 6.670000000000000373e-01 0.000000000000000000e+00
4.594999999999999751e+00 5.819999999999999618e-01 1.565099999999999980e+01 1.164000000000000057e+01 1.400000000000000133e-01 1.553999999999999915e+01 1.102999999999999936e+01 6.923300000000000409e+01 1.215999999999999970e+00 1.891999999999999904e+00 1.181441000000000031e+03 0.000000000000000000e+00 1.721999999999999975e+00 1.721999999999999975e+00 8.999999999999999667e-02 0.000000000000000000e+00
2.931999999999999940e+00 2.790000000000000258e-01 1.038599999999999923e+01 7.025999999999999801e+00 4.430000000000000049e-01 1.300999999999999979e+01 3.319999999999999840e+00 6.629000000000000625e+01 6.470000000000000195e-01 2.076000000000000068e+00 1.180375999999999976e+03 0.000000000000000000e+00 2.649999999999999911e+00 2.649999999999999911e+00 1.000000000000000056e-01 0.000000000000000000e+00
2.271999999999999797e+00 1.039999999999999952e-01 8.189999999999999503e+00 6.716999999999999638e+00 1.839999999999999969e-01 1.266999999999999993e+01 7.269999999999999574e+00 6.360300000000000153e+01 5.789999999999999591e-01 2.392999999999999794e+00 1.194210000000000036e+03 0.000000000000000000e+00 2.825000000000000178e+00 2.825000000000000178e+00 2.489999999999999991e-01 0.000000000000000000e+00
6.948000000000000398e+00 8.930000000000000160e-01 2.340899999999999892e+01 2.213700000000000045e+01 3.410000000000000253e-01 1.808999999999999986e+01 1.555000000000000071e+01 7.255400000000000205e+01 9.220000000000000417e-01 5.009000000000000341e+00 1.198229000000000042e+03 0.000000000000000000e+00 1.713000000000000078e+00 1.713000000000000078e+00 1.380000000000000115e-01 0.000000000000000000e+00
7.671000000000000263e+00 9.379999999999999449e-01 3.224699999999999989e+01 3.238799999999999812e+01 6.239999999999999991e-01 1.901000000000000156e+01 2.250000000000000000e+01 7.032500000000000284e+01 1.381000000000000005e+00 7.604000000000000092e+00 1.191876999999999953e+03 0.000000000000000000e+00 1.824999999999999956e+00 1.824999999999999956e+00 3.899999999999999994e-02 0.000000000000000000e+00
7.017999999999999794e+00 4.139999999999999791e-01 2.568599999999999994e+01 2.763899999999999935e+01 3.729999999999999982e-01 1.755000000000000071e+01 1.544999999999999929e+01 7.526699999999999591e+01 1.046999999999999931e+00 6.591000000000000192e+00 1.190705999999999904e+03 0.000000000000000000e+00 1.401000000000000023e+00 1.401000000000000023e+00 9.500000000000000111e-02 0.000000000000000000e+00
6.064000000000000057e+00 7.159999999999999698e-01 1.306799999999999962e+01 1.493999999999999950e+01 4.879999999999999893e-01 1.531499999999999950e+01 9.039999999999999147e+00 7.270300000000000296e+01 1.006999999999999895e+00 5.113999999999999879e+00 1.193768000000000029e+03 0.000000000000000000e+00 2.170999999999999819e+00 2.170999999999999819e+00 1.539999999999999980e-01 0.000000000000000000e+00
5.168000000000000149e+00 5.999999999999999778e-01 9.305999999999999162e+00 1.050600000000000023e+01 2.550000000000000044e-01 1.360999999999999943e+01 1.598000000000000043e+01 7.143099999999999739e+01 1.181999999999999940e+00 5.833000000000000185e+00 1.216955999999999904e+03 0.000000000000000000e+00 2.137000000000000011e+00 2.137000000000000011e+00 5.360000000000000320e-01 0.000000000000000000e+00
3.392999999999999794e+00 1.489999999999999936e-01 8.496000000000000441e+00 6.291000000000000369e+00 1.739999999999999880e-01 1.390000000000000036e+01 4.969999999999999751e+00 6.665000000000000568e+01 8.569999999999999840e-01 2.664000000000000146e+00 1.211316000000000031e+03 0.000000000000000000e+00 2.044000000000000039e+00 2.044000000000000039e+00 1.018999999999999906e+00 0.000000000000000000e+00
4.121999999999999886e+00 7.399999999999999911e-01 1.369800000000000040e+01 1.393800000000000061e+01 4.129999999999999782e-01 1.472499999999999964e+01 9.919999999999999929e+00 6.901600000000000534e+01 8.519999999999999796e-01 3.759999999999999787e+00 1.175218000000000075e+03 0.000000000000000000e+00 1.794000000000000039e+00 1.794000000000000039e+00 8.999999999999999667e-02 0.000000000000000000e+00
2.826000000000000068e+00 3.049999999999999933e-01 4.724999999999999645e+00 8.462999999999999190e+00 1.299999999999999940e-02 1.334999999999999964e+01 6.990000000000000213e+00 6.486100000000000421e+01 5.470000000000000417e-01 1.862999999999999989e+00 1.223505000000000109e+03 0.000000000000000000e+00 1.665000000000000036e+00 1.665000000000000036e+00 1.300000000000000044e-01 0.000000000000000000e+00
2.146999999999999797e+00 2.419999999999999929e-01 7.073999999999999844e+00 6.288000000000000256e+00 3.899999999999999994e-02 1.249000000000000021e+01 3.259999999999999787e+00 6.172200000000000131e+01 5.360000000000000320e-01 1.798000000000000043e+00 1.225993999999999915e+03 0.000000000000000000e+00 1.830000000000000071e+00 1.830000000000000071e+00 9.769999999999999796e-01 0.000000000000000000e+00
8.239000000000000767e+00 6.189999999999999947e-01 2.846699999999999875e+01 2.637000000000000099e+01 4.430000000000000049e-01 1.819000000000000128e+01 1.516000000000000014e+01 7.238700000000000045e+01 1.183000000000000052e+00 6.982000000000000206e+00 1.181166999999999916e+03 0.000000000000000000e+00 1.229000000000000092e+00 1.229000000000000092e+00 4.000000000000000083e-02 0.000000000000000000e+00
7.633000000000000007e+00 6.740000000000000435e-01 3.252600000000000335e+01 3.169200000000000017e+01 5.969999999999999751e-01 1.905999999999999872e+01 1.591999999999999993e+01 7.510899999999999466e+01 9.060000000000000275e-01 7.283000000000000362e+00 1.191246000000000095e+03 0.000000000000000000e+00 1.362000000000000099e+00 1.362000000000000099e+00 2.999999999999999889e-02 0.000000000000000000e+00
7.158000000000000362e+00 4.749999999999999778e-01 2.753099999999999881e+01 2.246099999999999852e+01 5.510000000000000453e-01 1.694000000000000128e+01 8.849999999999999645e+00 7.324699999999999989e+01 8.910000000000000142e-01 7.876999999999999780e+00 1.168050999999999931e+03 0.000000000000000000e+00 1.786000000000000032e+00 1.786000000000000032e+00 4.680000000000000271e-01 0.000000000000000000e+00
5.052999999999999936e+00 2.889999999999999791e-01 8.900999999999999801e+00 1.265399999999999991e+01 3.220000000000000084e-01 1.223000000000000043e+01 7.259999999999999787e+00 7.378799999999999670e+01 1.028999999999999915e+00 6.392000000000000348e+00 1.239230999999999995e+03 0.000000000000000000e+00 2.216000000000000192e+00 2.216000000000000192e+00 5.040000000000000036e-01 0.000000000000000000e+00
5.179999999999999716e+00 3.509999999999999787e-01 1.171799999999999997e+01 9.359999999999999432e+00 2.369999999999999885e-01 1.006000000000000050e+01 1.275999999999999979e+01 7.105400000000000205e+01 1.135000000000000009e+00 5.554999999999999716e+00 1.195637999999999920e+03 0.000000000000000000e+00 2.240000000000000213e+00 2.240000000000000213e+00 2.790000000000000258e-01 0.000000000000000000e+00
6.102999999999999758e+00 5.530000000000000471e-01 1.610099999999999909e+01 1.620899999999999963e+01 5.889999999999999680e-01 1.361999999999999922e+01 1.200000000000000000e+01 7.330899999999999750e+01 9.409999999999999476e-01 5.756000000000000227e+00 1.172090999999999894e+03 0.000000000000000000e+00 1.830000000000000071e+00 1.830000000000000071e+00 2.869999999999999774e-01 0.000000000000000000e+00
2.615000000000000213e+00 1.290000000000000036e-01 1.049399999999999977e+01 8.580000000000000071e+00 8.599999999999999312e-02 9.675000000000000711e+00 4.330000000000000071e+00 7.260999999999999943e+01 6.979999999999999538e-01 5.347000000000000419e+00 1.163963999999999942e+03 0.000000000000000000e+00 2.314999999999999947e+00 2.314999999999999947e+00 1.199999999999999956e-01 0.000000000000000000e+00
5.665000000000000036e+00 8.589999999999999858e-01 1.197000000000000064e+01 1.343699999999999939e+01 2.740000000000000213e-01 1.260999999999999943e+01 1.228999999999999915e+01 7.176900000000000546e+01 1.078000000000000069e+00 5.195000000000000284e+00 1.221509999999999991e+03 0.000000000000000000e+00 1.891000000000000014e+00 1.891000000000000014e+00 5.999999999999999778e-02 0.000000000000000000e+00
3.177000000000000046e+00 1.229999999999999982e-01 1.162800000000000011e+01 1.068299999999999983e+01 2.310000000000000109e-01 1.106499999999999950e+01 9.949999999999999289e+00 6.840099999999999625e+01 8.399999999999999689e-01 4.519000000000000128e+00 1.162857999999999947e+03 0.000000000000000000e+00 1.877999999999999892e+00 1.877999999999999892e+00 4.000000000000000083e-02 0.000000000000000000e+00
9.220000000000000417e-01 1.499999999999999944e-02 1.818000000000000060e+00 1.877999999999999892e+00 4.000000000000000083e-02 6.330000000000000071e+00 1.879999999999999893e+00 6.104800000000000182e+01 9.649999999999999689e-01 3.225000000000000089e+00 1.202048000000000002e+03 0.000000000000000000e+00 1.985999999999999988e+00 1.985999999999999988e+00 2.899999999999999800e-01 0.000000000000000000e+00
1.620999999999999996e+00 2.999999999999999889e-02 4.977000000000000313e+00 5.591999999999999638e+00 1.199999999999999956e-01 7.825000000000000178e+00 2.209999999999999964e+00 6.198799999999999955e+01 1.141999999999999904e+00 3.902000000000000135e+00 1.199257000000000062e+03 0.000000000000000000e+00 1.870999999999999996e+00 1.870999999999999996e+00 1.000000000000000056e-01 0.000000000000000000e+00
1.508000000000000007e+00 6.700000000000000400e-02 6.705000000000000071e+00 4.641000000000000014e+00 8.500000000000000611e-02 7.815000000000000391e+00 1.739999999999999991e+00 6.023499999999999943e+01 8.579999999999999849e-01 3.198999999999999844e+00 1.199865000000000009e+03 0.000000000000000000e+00 2.039000000000000146e+00 2.039000000000000146e+00 2.600000000000000089e-01 0.000000000000000000e+00
5.550000000000000488e-01 1.039999999999999952e-01 7.379999999999999893e-01 1.788000000000000034e+00 4.200000000000000261e-02 5.894999999999999574e+00 2.479999999999999982e+00 5.886999999999999744e+01 6.229999999999999982e-01 3.447999999999999954e+00 1.219307999999999993e+03 0.000000000000000000e+00 1.989999999999999991e+00 1.989999999999999991e+00 2.899999999999999800e-01 0.000000000000000000e+00
1.769999999999999907e-01 2.199999999999999872e-02 4.050000000000000266e-01 4.259999999999999898e-01 1.000000000000000021e-03 5.325000000000000178e+00 6.199999999999999956e-01 5.740800000000000125e+01 3.200000000000000067e-02 3.076999999999999957e+00 1.207424999999999955e+03 0.000000000000000000e+00 1.983000000000000096e+00 1.983000000000000096e+00 1.890000000000000013e-01 0.000000000000000000e+00
1.819999999999999951e-01 1.299999999999999940e-02 4.229999999999999871e-01 3.840000000000000080e-01 5.000000000000000104e-03 5.280000000000000249e+00 4.899999999999999911e-01 5.745100000000000051e+01 3.400000000000000244e-02 3.057999999999999829e+00 1.206883000000000038e+03 0.000000000000000000e+00 1.993000000000000105e+00 1.993000000000000105e+00 3.699999999999999956e-01 0.000000000000000000e+00
1.670000000000000095e-01 2.299999999999999961e-02 3.059999999999999942e-01 3.420000000000000262e-01 7.000000000000000146e-03 5.290000000000000036e+00 4.500000000000000111e-01 5.732800000000000296e+01 2.400000000000000050e-02 3.051000000000000156e+00 1.207605999999999995e+03 0.000000000000000000e+00 1.997000000000000108e+00 1.997000000000000108e+00 2.600000000000000089e-01 0.000000000000000000e+00
1.839999999999999969e-01 2.599999999999999881e-02 3.599999999999999867e-01 4.680000000000000271e-01 4.000000000000000083e-03 5.384999999999999787e+00 4.699999999999999734e-01 5.740500000000000114e+01 3.300000000000000155e-02 3.057999999999999829e+00 1.207869999999999891e+03 0.000000000000000000e+00 1.985000000000000098e+00 1.985000000000000098e+00 2.690000000000000169e-01 0.000000000000000000e+00
1.829999999999999960e-01 1.700000000000000122e-02 3.960000000000000187e-01 3.689999999999999947e-01 3.000000000000000062e-03 5.309999999999999609e+00 3.499999999999999778e-01 5.741400000000000148e+01 2.199999999999999872e-02 3.096999999999999975e+00 1.207836000000000013e+03 0.000000000000000000e+00 1.983999999999999986e+00 1.983999999999999986e+00 2.899999999999999800e-01 0.000000000000000000e+00
7.029999999999999583e-01 8.899999999999999578e-02 9.629999999999999671e-01 1.050000000000000044e+00 4.000000000000000083e-03 6.030000000000000249e+00 1.250000000000000000e+00 5.825600000000000023e+01 1.069999999999999979e-01 2.866000000000000103e+00 1.209383000000000038e+03 0.000000000000000000e+00 1.913999999999999924e+00 1.913999999999999924e+00 2.690000000000000169e-01 0.000000000000000000e+00
7.740000000000000213e-01 1.499999999999999944e-02 2.430000000000000160e+00 2.459999999999999964e+00 8.500000000000000611e-02 6.450000000000000178e+00 4.969999999999999751e+00 5.773100000000000165e+01 1.880000000000000004e-01 2.771999999999999797e+00 1.209940000000000055e+03 0.000000000000000000e+00 2.072999999999999954e+00 2.072999999999999954e+00 1.000000000000000021e-02 0.000000000000000000e+00
1.710000000000000131e-01 1.000000000000000021e-02 4.050000000000000266e-01 3.330000000000000182e-01 6.000000000000000125e-03 5.275000000000000355e+00 4.799999999999999822e-01 5.736599999999999966e+01 2.900000000000000147e-02 1.170000000000000068e-01 1.207845000000000027e+03 0.000000000000000000e+00 1.991999999999999993e+00 1.991999999999999993e+00 2.999999999999999889e-02 0.000000000000000000e+00
1.970000000000000084e-01 1.499999999999999944e-02 3.150000000000000022e-01 3.900000000000000133e-01 1.000000000000000021e-03 5.355000000000000426e+00 4.600000000000000200e-01 5.732399999999999807e+01 2.000000000000000042e-02 8.000000000000000167e-02 1.208944999999999936e+03 0.000000000000000000e+00 1.981999999999999984e+00 1.981999999999999984e+00 1.000000000000000021e-02 0.000000000000000000e+00
1.749999999999999889e-01 1.899999999999999953e-02 3.960000000000000187e-01 4.259999999999999898e-01 2.000000000000000042e-03 5.339999999999999858e+00 4.400000000000000022e-01 5.738499999999999801e+01 4.399999999999999745e-02 9.400000000000000022e-02 1.207836000000000013e+03 0.000000000000000000e+00 1.993000000000000105e+00 1.993000000000000105e+00 2.000000000000000042e-02 0.000000000000000000e+00
4.590000000000000191e-01 9.700000000000000289e-02 1.808999999999999941e+00 1.743000000000000105e+00 4.000000000000000083e-03 6.054999999999999716e+00 1.239999999999999991e+00 5.891599999999999682e+01 3.799999999999999906e-02 8.629999999999999893e-01 1.198189000000000078e+03 0.000000000000000000e+00 1.832000000000000073e+00 1.832000000000000073e+00 2.999999999999999889e-02 0.000000000000000000e+00
2.039999999999999869e-01 1.299999999999999940e-02 3.870000000000000107e-01 3.900000000000000133e-01 3.000000000000000062e-03 5.280000000000000249e+00 4.600000000000000200e-01 5.638700000000000045e+01 4.700000000000000011e-02 1.000000000000000056e-01 1.207477000000000089e+03 0.000000000000000000e+00 1.993000000000000105e+00 1.993000000000000105e+00 8.000000000000000167e-02 0.000000000000000000e+00
1.990000000000000102e-01 1.499999999999999944e-02 4.949999999999999956e-01 4.079999999999999738e-01 4.000000000000000083e-03 5.330000000000000071e+00 5.699999999999999512e-01 5.634799999999999898e+01 4.499999999999999833e-02 7.599999999999999811e-02 1.207095000000000027e+03 0.000000000000000000e+00 1.991000000000000103e+00 1.991000000000000103e+00 7.000000000000000666e-02 0.000000000000000000e+00
1.640000000000000069e-01 1.499999999999999944e-02 2.790000000000000258e-01 4.079999999999999738e-01 2.000000000000000042e-03 5.334999999999999964e+00 4.199999999999999845e-01 5.630299999999999727e+01 3.300000000000000155e-02 1.199999999999999956e-01 1.208838999999999942e+03 0.000000000000000000e+00 1.987999999999999989e+00 1.987999999999999989e+00 8.000000000000000167e-02 0.000000000000000000e+00
6.099999999999999867e-01 1.559999999999999998e-01 2.241000000000000103e+00 1.574999999999999956e+00 7.199999999999999456e-02 5.969999999999999751e+00 4.299999999999999933e-01 5.753900000000000148e+01 4.499999999999999833e-02 3.479999999999999760e-01 1.199391000000000076e+03 0.000000000000000000e+00 2.059000000000000163e+00 2.059000000000000163e+00 1.499999999999999944e-01 0.000000000000000000e+00
4.680000000000000271e-01 1.499999999999999944e-02 6.300000000000000044e-01 8.880000000000000115e-01 4.000000000000000083e-03 5.565000000000000391e+00 1.110000000000000098e+00 5.617099999999999937e+01 1.380000000000000115e-01 1.890000000000000013e-01 1.209329999999999927e+03 0.000000000000000000e+00 2.036000000000000032e+00 2.036000000000000032e+00 6.099999999999999867e-01 0.000000000000000000e+00
3.840000000000000080e-01 1.299999999999999940e-02 1.016999999999999904e+00 8.970000000000000195e-01 0.000000000000000000e+00 5.544999999999999929e+00 9.200000000000000400e-01 5.615200000000000102e+01 6.700000000000000400e-02 2.379999999999999893e-01 1.206916999999999916e+03 0.000000000000000000e+00 1.957000000000000073e+00 1.957000000000000073e+00 1.690000000000000113e-01 0.000000000000000000e+00
1.590000000000000024e-01 1.700000000000000122e-02 2.610000000000000098e-01 3.539999999999999813e-01 5.000000000000000104e-03 5.264999999999999680e+00 4.699999999999999734e-01 5.539699999999999847e+01 5.000000000000000278e-02 8.699999999999999400e-02 1.208050999999999931e+03 0.000000000000000000e+00 2.004000000000000004e+00 2.004000000000000004e+00 2.989999999999999880e-01 0.000000000000000000e+00
1.799999999999999933e-01 1.299999999999999940e-02 3.059999999999999942e-01 3.750000000000000000e-01 3.000000000000000062e-03 5.275000000000000355e+00 3.900000000000000133e-01 5.542799999999999727e+01 5.700000000000000205e-02 8.200000000000000344e-02 1.208306000000000040e+03 0.000000000000000000e+00 2.000999999999999890e+00 2.000999999999999890e+00 2.700000000000000178e-01 0.000000000000000000e+00
1.880000000000000004e-01 1.799999999999999864e-02 3.330000000000000182e-01 3.900000000000000133e-01 1.000000000000000021e-03 5.294999999999999929e+00 6.099999999999999867e-01 5.551100000000000279e+01 6.800000000000000488e-02 8.400000000000000522e-02 1.208262999999999920e+03 0.000000000000000000e+00 1.989999999999999991e+00 1.989999999999999991e+00 2.600000000000000089e-01 0.000000000000000000e+00
1.900000000000000022e-01 1.499999999999999944e-02 3.780000000000000027e-01 4.349999999999999978e-01 8.000000000000000167e-03 5.330000000000000071e+00 5.200000000000000178e-01 5.543299999999999983e+01 6.400000000000000133e-02 9.800000000000000377e-02 1.208307999999999993e+03 0.000000000000000000e+00 1.997000000000000108e+00 1.997000000000000108e+00 3.190000000000000058e-01 0.000000000000000000e+00
2.030000000000000138e-01 7.000000000000000146e-03 4.410000000000000031e-01 3.719999999999999973e-01 2.000000000000000042e-03 5.339999999999999858e+00 6.099999999999999867e-01 5.533899999999999864e+01 4.399999999999999745e-02 9.299999999999999933e-02 1.207740999999999985e+03 0.000000000000000000e+00 1.975999999999999979e+00 1.975999999999999979e+00 2.800000000000000266e-01 0.000000000000000000e+00
1.839999999999999969e-01 1.600000000000000033e-02 3.689999999999999947e-01 4.050000000000000266e-01 2.000000000000000042e-03 5.299999999999999822e+00 6.099999999999999867e-01 5.545799999999999841e+01 5.500000000000000028e-02 9.900000000000000466e-02 1.208439000000000078e+03 0.000000000000000000e+00 1.985999999999999988e+00 1.985999999999999988e+00 3.599999999999999867e-01 0.000000000000000000e+00
1.920000000000000040e-01 1.299999999999999940e-02 3.689999999999999947e-01 3.180000000000000049e-01 3.000000000000000062e-03 5.240000000000000213e+00 3.800000000000000044e-01 5.543399999999999750e+01 5.600000000000000117e-02 8.400000000000000522e-02 1.207249000000000024e+03 0.000000000000000000e+00 2.003000000000000114e+00 2.003000000000000114e+00 2.999999999999999889e-01 0.000000000000000000e+00
1.749999999999999889e-01 1.299999999999999940e-02 3.689999999999999947e-01 3.870000000000000107e-01 6.000000000000000125e-03 5.294999999999999929e+00 5.000000000000000000e-01 5.539300000000000068e+01 6.300000000000000044e-02 9.800000000000000377e-02 1.208368999999999915e+03 0.000000000000000000e+00 1.987999999999999989e+00 1.987999999999999989e+00 3.400000000000000244e-01 0.000000000000000000e+00
1.890000000000000013e-01 1.099999999999999936e-02 3.509999999999999787e-01 3.810000000000000053e-01 5.000000000000000104e-03 5.250000000000000000e+00 4.000000000000000222e-01 5.543200000000000216e+01 5.999999999999999778e-02 9.099999999999999756e-02 1.207090999999999894e+03 0.000000000000000000e+00 1.995000000000000107e+00 1.995000000000000107e+00 3.099999999999999978e-01 0.000000000000000000e+00
1.141999999999999904e+00 1.039999999999999952e-01 2.160000000000000142e+00 1.377000000000000002e+00 3.000000000000000062e-03 6.294999999999999929e+00 1.389999999999999902e+00 5.539099999999999824e+01 2.230000000000000038e-01 9.800000000000000377e-02 1.201900000000000091e+03 0.000000000000000000e+00 1.969999999999999973e+00 1.969999999999999973e+00 5.180000000000000160e-01 0.000000000000000000e+00
2.119999999999999940e-01 2.599999999999999881e-02 5.130000000000000115e-01 3.870000000000000107e-01 8.999999999999999320e-03 4.349999999999999978e-01 3.800000000000000044e-01 5.836099999999999710e+01 4.900000000000000189e-02 8.500000000000000611e-02 1.206762999999999920e+03 0.000000000000000000e+00 2.975000000000000089e+00 2.975000000000000089e+00 8.460000000000000853e+00 0.000000000000000000e+00
2.971000000000000085e+00 4.480000000000000093e-01 9.189000000000000057e+00 8.186999999999999389e+00 5.399999999999999939e-02 5.900000000000000355e+00 7.009999999999999787e+00 6.149000000000000199e+01 2.650000000000000133e-01 1.838000000000000078e+00 1.192409000000000106e+03 0.000000000000000000e+00 2.745000000000000107e+00 2.745000000000000107e+00 1.100000000000000006e-01 0.000000000000000000e+00
1.930000000000000049e-01 1.400000000000000029e-02 3.960000000000000187e-01 4.169999999999999818e-01 1.600000000000000033e-02 4.500000000000000111e-01 4.000000000000000222e-01 5.740699999999999648e+01 4.900000000000000189e-02 1.100000000000000006e-01 1.207066000000000031e+03 0.000000000000000000e+00 2.959999999999999964e+00 2.959999999999999964e+00 2.690000000000000169e-01 0.000000000000000000e+00
1.839999999999999969e-01 1.700000000000000122e-02 3.150000000000000022e-01 3.719999999999999973e-01 1.000000000000000021e-02 4.000000000000000222e-01 4.199999999999999845e-01 5.732900000000000063e+01 5.000000000000000278e-02 1.140000000000000041e-01 1.207894999999999982e+03 0.000000000000000000e+00 2.982000000000000206e+00 2.982000000000000206e+00 3.599999999999999867e-01 0.000000000000000000e+00
1.880000000000000004e-01 2.800000000000000058e-02 4.769999999999999796e-01 3.870000000000000107e-01 1.000000000000000021e-02 4.199999999999999845e-01 5.300000000000000266e-01 5.737500000000000000e+01 4.800000000000000100e-02 8.400000000000000522e-02 1.207146999999999935e+03 0.000000000000000000e+00 2.976999999999999869e+00 2.976999999999999869e+00 3.280000000000000138e-01 0.000000000000000000e+00
1.980000000000000093e-01 1.799999999999999864e-02 3.689999999999999947e-01 3.930000000000000160e-01 1.299999999999999940e-02 4.349999999999999978e-01 4.899999999999999911e-01 5.729399999999999693e+01 4.399999999999999745e-02 9.299999999999999933e-02 1.208858999999999924e+03 0.000000000000000000e+00 2.972999999999999865e+00 2.972999999999999865e+00 3.200000000000000067e-01 0.000000000000000000e+00
1.890000000000000013e-01 1.899999999999999953e-02 3.780000000000000027e-01 3.990000000000000213e-01 1.099999999999999936e-02 4.600000000000000200e-01 4.500000000000000111e-01 5.727600000000000335e+01 4.499999999999999833e-02 7.299999999999999545e-02 1.207678000000000111e+03 0.000000000000000000e+00 2.960999999999999854e+00 2.960999999999999854e+00 2.389999999999999902e-01 0.000000000000000000e+00
1.789999999999999925e-01 2.299999999999999961e-02 4.050000000000000266e-01 4.349999999999999978e-01 1.200000000000000025e-02 4.799999999999999822e-01 3.599999999999999867e-01 5.731700000000000017e+01 3.500000000000000333e-02 9.600000000000000200e-02 1.207775000000000091e+03 0.000000000000000000e+00 2.967999999999999972e+00 2.967999999999999972e+00 2.999999999999999889e-01 0.000000000000000000e+00
1.570000000000000007e-01 1.400000000000000029e-02 3.150000000000000022e-01 3.330000000000000182e-01 8.000000000000000167e-03 3.950000000000000178e-01 3.300000000000000155e-01 5.729200000000000159e+01 3.400000000000000244e-02 8.799999999999999489e-02 1.208454999999999927e+03 0.000000000000000000e+00 2.975999999999999979e+00 2.975999999999999979e+00 3.900000000000000133e-01 0.000000000000000000e+00
1.739999999999999880e-01 1.700000000000000122e-02 4.319999999999999951e-01 3.509999999999999787e-01 1.099999999999999936e-02 3.449999999999999734e-01 4.099999999999999756e-01 5.730400000000000205e+01 5.299999999999999850e-02 7.099999999999999367e-02 1.207521999999999935e+03 0.000000000000000000e+00 2.975999999999999979e+00 2.975999999999999979e+00 3.089999999999999969e-01 0.000000000000000000e+00
1.940000000000000058e-01 1.400000000000000029e-02 5.130000000000000115e-01 4.199999999999999845e-01 1.099999999999999936e-02 4.199999999999999845e-01 4.899999999999999911e-01 5.732399999999999807e+01 4.800000000000000100e-02 8.100000000000000255e-02 1.208163000000000011e+03 0.000000000000000000e+00 2.974000000000000199e+00 2.974000000000000199e+00 2.690000000000000169e-01 0.000000000000000000e+00
1.719999999999999862e-01 2.000000000000000042e-02 3.509999999999999787e-01 3.330000000000000182e-01 4.000000000000000083e-03 3.850000000000000089e-01 5.400000000000000355e-01 5.725200000000000244e+01 4.700000000000000011e-02 7.299999999999999545e-02 1.207721000000000004e+03 0.000000000000000000e+00 2.967999999999999972e+00 2.967999999999999972e+00 2.600000000000000089e-01 0.000000000000000000e+00
2.000000000000000111e-01 2.800000000000000058e-02 2.610000000000000098e-01 4.229999999999999871e-01 1.000000000000000021e-02 4.349999999999999978e-01 4.699999999999999734e-01 5.734100000000000108e+01 4.599999999999999922e-02 7.699999999999999900e-02 1.208401000000000067e+03 0.000000000000000000e+00 2.959999999999999964e+00 2.959999999999999964e+00 3.180000000000000049e-01 0.000000000000000000e+00
1.610000000000000042e-01 8.999999999999999320e-03 3.330000000000000182e-01 3.599999999999999867e-01 1.000000000000000021e-02 3.049999999999999933e-01 4.500000000000000111e-01 5.735999999999999943e+01 5.099999999999999672e-02 8.599999999999999312e-02 1.208682999999999993e+03 0.000000000000000000e+00 2.983000000000000096e+00 2.983000000000000096e+00 3.280000000000000138e-01 0.000000000000000000e+00
1.960000000000000075e-01 1.600000000000000033e-02 4.050000000000000266e-01 4.109999999999999765e-01 8.999999999999999320e-03 4.749999999999999778e-01 4.500000000000000111e-01 5.734599999999999653e+01 5.399999999999999939e-02 9.299999999999999933e-02 1.208125000000000000e+03 0.000000000000000000e+00 2.971999999999999975e+00 2.971999999999999975e+00 3.800000000000000044e-01 0.000000000000000000e+00
1.960000000000000075e-01 1.299999999999999940e-02 3.420000000000000262e-01 4.169999999999999818e-01 1.000000000000000021e-02 4.600000000000000200e-01 5.200000000000000178e-01 5.732999999999999829e+01 4.299999999999999656e-02 9.400000000000000022e-02 1.208902000000000044e+03 0.000000000000000000e+00 2.976999999999999869e+00 2.976999999999999869e+00 3.499999999999999778e-01 0.000000000000000000e+00
1.990000000000000102e-01 2.000000000000000042e-02 3.330000000000000182e-01 3.870000000000000107e-01 1.200000000000000025e-02 4.099999999999999756e-01 4.299999999999999933e-01 5.729599999999999937e+01 4.100000000000000172e-02 8.000000000000000167e-02 1.208472999999999956e+03 0.000000000000000000e+00 2.970000000000000195e+00 2.970000000000000195e+00 3.699999999999999956e-01 0.000000000000000000e+00
1.680000000000000104e-01 1.499999999999999944e-02 3.330000000000000182e-01 3.599999999999999867e-01 1.099999999999999936e-02 3.599999999999999867e-01 3.499999999999999778e-01 5.732999999999999829e+01 4.200000000000000261e-02 7.499999999999999722e-02 1.208123000000000047e+03 0.000000000000000000e+00 2.982000000000000206e+00 2.982000000000000206e+00 2.700000000000000178e-01 0.000000000000000000e+00
1.859999999999999987e-01 1.799999999999999864e-02 4.859999999999999876e-01 4.050000000000000266e-01 1.099999999999999936e-02 3.599999999999999867e-01 5.400000000000000355e-01 5.735699999999999932e+01 3.899999999999999994e-02 9.299999999999999933e-02 1.206596000000000004e+03 0.000000000000000000e+00 2.979000000000000092e+00 2.979000000000000092e+00 2.999999999999999889e-01 0.000000000000000000e+00
1.849999999999999978e-01 1.499999999999999944e-02 4.050000000000000266e-01 3.569999999999999840e-01 1.000000000000000021e-02 3.499999999999999778e-01 4.600000000000000200e-01 5.737199999999999989e+01 4.800000000000000100e-02 8.200000000000000344e-02 1.206865000000000009e+03 0.000000000000000000e+00 2.980999999999999872e+00 2.980999999999999872e+00 3.300000000000000155e-01 0.000000000000000000e+00
1.990000000000000102e-01 1.899999999999999953e-02 3.599999999999999867e-01 4.259999999999999898e-01 7.000000000000000146e-03 4.099999999999999756e-01 5.000000000000000000e-01 5.732699999999999818e+01 5.000000000000000278e-02 9.900000000000000466e-02 1.208289999999999964e+03 0.000000000000000000e+00 2.971000000000000085e+00 2.971000000000000085e+00 3.800000000000000044e-01 0.000000000000000000e+00
1.900000000000000022e-01 1.700000000000000122e-02 4.500000000000000111e-01 3.900000000000000133e-01 8.999999999999999320e-03 4.149999999999999800e-01 4.000000000000000222e-01 5.733500000000000085e+01 4.599999999999999922e-02 1.160000000000000059e-01 1.207400000000000091e+03 0.000000000000000000e+00 2.967999999999999972e+00 2.967999999999999972e+00 3.890000000000000124e-01 0.000000000000000000e+00
1.680000000000000104e-01 1.700000000000000122e-02 3.420000000000000262e-01 3.539999999999999813e-01 1.099999999999999936e-02 4.000000000000000222e-01 4.600000000000000200e-01 5.732999999999999829e+01 3.599999999999999728e-02 9.099999999999999756e-02 1.207781999999999925e+03 0.000000000000000000e+00 2.960999999999999854e+00 2.960999999999999854e+00 3.300000000000000155e-01 0.000000000000000000e+00
1.759999999999999898e-01 8.999999999999999320e-03 3.870000000000000107e-01 3.750000000000000000e-01 1.299999999999999940e-02 3.850000000000000089e-01 5.000000000000000000e-01 5.730799999999999983e+01 4.700000000000000011e-02 8.500000000000000611e-02 1.207477000000000089e+03 0.000000000000000000e+00 2.974000000000000199e+00 2.974000000000000199e+00 3.400000000000000244e-01 0.000000000000000000e+00
1.630000000000000060e-01 1.400000000000000029e-02 4.769999999999999796e-01 3.390000000000000235e-01 1.499999999999999944e-02 4.000000000000000222e-01 5.300000000000000266e-01 5.736800000000000210e+01 5.299999999999999850e-02 1.019999999999999934e-01 1.207217000000000098e+03 0.000000000000000000e+00 2.972999999999999865e+00 2.972999999999999865e+00 3.300000000000000155e-01 0.000000000000000000e+00
1.559999999999999998e-01 1.600000000000000033e-02 3.420000000000000262e-01 3.449999999999999734e-01 5.000000000000000104e-03 3.850000000000000089e-01 5.300000000000000266e-01 5.730899999999999750e+01 4.499999999999999833e-02 9.299999999999999933e-02 1.208061999999999898e+03 0.000000000000000000e+00 2.975999999999999979e+00 2.975999999999999979e+00 3.290000000000000147e-01 0.000000000000000000e+00
1.819999999999999951e-01 1.799999999999999864e-02 5.040000000000000036e-01 3.900000000000000133e-01 1.400000000000000029e-02 4.650000000000000244e-01 5.200000000000000178e-01 5.736099999999999710e+01 4.700000000000000011e-02 1.010000000000000064e-01 1.207314000000000078e+03 0.000000000000000000e+00 2.963000000000000078e+00 2.963000000000000078e+00 4.000000000000000222e-01 0.000000000000000000e+00
1.799999999999999933e-01 1.099999999999999936e-02 4.050000000000000266e-01 3.840000000000000080e-01 2.000000000000000042e-03 3.900000000000000133e-01 4.500000000000000111e-01 5.729699999999999704e+01 4.299999999999999656e-02 8.899999999999999578e-02 1.207075000000000045e+03 0.000000000000000000e+00 2.963999999999999968e+00 2.963999999999999968e+00 2.690000000000000169e-01 0.000000000000000000e+00
1.900000000000000022e-01 2.000000000000000042e-02 4.500000000000000111e-01 3.750000000000000000e-01 1.099999999999999936e-02 4.199999999999999845e-01 4.500000000000000111e-01 5.736899999999999977e+01 4.200000000000000261e-02 7.499999999999999722e-02 1.207049999999999955e+03 0.000000000000000000e+00 2.963999999999999968e+00 2.963999999999999968e+00 3.190000000000000058e-01 0.000000000000000000e+00
1.859999999999999987e-01 2.000000000000000042e-02 3.059999999999999942e-01 3.960000000000000187e-01 1.299999999999999940e-02 3.449999999999999734e-01 4.899999999999999911e-01 5.734599999999999653e+01 6.199999999999999956e-02 7.599999999999999811e-02 1.208236000000000104e+03 0.000000000000000000e+00 2.982000000000000206e+00 2.982000000000000206e+00 4.299999999999999933e-01 0.000000000000000000e+00
1.799999999999999933e-01 1.000000000000000021e-02 4.500000000000000111e-01 4.109999999999999765e-01 1.000000000000000021e-02 4.600000000000000200e-01 5.999999999999999778e-01 5.736200000000000188e+01 4.200000000000000261e-02 9.600000000000000200e-02 1.206839999999999918e+03 0.000000000000000000e+00 2.960999999999999854e+00 2.960999999999999854e+00 3.190000000000000058e-01 0.000000000000000000e+00
1.660000000000000087e-01 1.400000000000000029e-02 3.509999999999999787e-01 3.629999999999999893e-01 8.999999999999999320e-03 3.499999999999999778e-01 3.300000000000000155e-01 5.727700000000000102e+01 5.399999999999999939e-02 8.300000000000000433e-02 1.207861000000000104e+03 0.000000000000000000e+00 2.978000000000000203e+00 2.978000000000000203e+00 3.099999999999999978e-01 0.000000000000000000e+00
1.749999999999999889e-01 1.200000000000000025e-02 4.680000000000000271e-01 3.449999999999999734e-01 6.000000000000000125e-03 4.349999999999999978e-01 4.799999999999999822e-01 5.726800000000000068e+01 4.200000000000000261e-02 8.100000000000000255e-02 1.206577999999999975e+03 0.000000000000000000e+00 2.952999999999999847e+00 2.952999999999999847e+00 2.979999999999999871e-01 0.000000000000000000e+00
1.829999999999999960e-01 1.600000000000000033e-02 4.769999999999999796e-01 3.900000000000000133e-01 3.000000000000000062e-03 4.799999999999999822e-01 4.400000000000000022e-01 5.729699999999999704e+01 4.299999999999999656e-02 8.400000000000000522e-02 1.206727000000000089e+03 0.000000000000000000e+00 2.967000000000000082e+00 2.967000000000000082e+00 3.499999999999999778e-01 0.000000000000000000e+00
2.020000000000000129e-01 1.299999999999999940e-02 4.050000000000000266e-01 4.199999999999999845e-01 8.000000000000000167e-03 4.349999999999999978e-01 6.600000000000000311e-01 5.729399999999999693e+01 3.599999999999999728e-02 7.799999999999999989e-02 1.207914999999999964e+03 0.000000000000000000e+00 2.955000000000000071e+00 2.955000000000000071e+00 3.200000000000000067e-01 0.000000000000000000e+00
1.509999999999999953e-01 1.499999999999999944e-02 3.689999999999999947e-01 3.420000000000000262e-01 8.000000000000000167e-03 3.049999999999999933e-01 4.000000000000000222e-01 5.732099999999999795e+01 4.399999999999999745e-02 9.199999999999999845e-02 1.208229000000000042e+03 0.000000000000000000e+00 2.987000000000000099e+00 2.987000000000000099e+00 3.489999999999999769e-01 0.000000000000000000e+00
1.950000000000000067e-01 1.400000000000000029e-02 4.680000000000000271e-01 3.420000000000000262e-01 1.799999999999999864e-02 3.250000000000000111e-01 6.099999999999999867e-01 5.736500000000000199e+01 4.200000000000000261e-02 8.300000000000000433e-02 1.207067999999999984e+03 0.000000000000000000e+00 2.980999999999999872e+00 2.980999999999999872e+00 2.700000000000000178e-01 0.000000000000000000e+00
1.869999999999999996e-01 1.400000000000000029e-02 4.050000000000000266e-01 4.050000000000000266e-01 6.000000000000000125e-03 4.600000000000000200e-01 4.000000000000000222e-01 5.731000000000000227e+01 4.499999999999999833e-02 9.099999999999999756e-02 1.207565000000000055e+03 0.000000000000000000e+00 2.956999999999999851e+00 2.956999999999999851e+00 2.200000000000000011e-01 0.000000000000000000e+00
1.819999999999999951e-01 8.999999999999999320e-03 3.330000000000000182e-01 3.180000000000000049e-01 3.000000000000000062e-03 3.300000000000000155e-01 4.699999999999999734e-01 5.734100000000000108e+01 5.399999999999999939e-02 8.599999999999999312e-02 1.207843000000000075e+03 0.000000000000000000e+00 2.975999999999999979e+00 2.975999999999999979e+00 3.790000000000000036e-01 0.000000000000000000e+00
1.600000000000000033e-01 1.499999999999999944e-02 3.240000000000000102e-01 3.420000000000000262e-01 1.299999999999999940e-02 3.300000000000000155e-01 4.500000000000000111e-01 5.738600000000000279e+01 4.499999999999999833e-02 8.899999999999999578e-02 1.207554000000000087e+03 0.000000000000000000e+00 2.983000000000000096e+00 2.983000000000000096e+00 3.800000000000000044e-01 0.000000000000000000e+00
1.930000000000000049e-01 2.400000000000000050e-02 5.040000000000000036e-01 3.900000000000000133e-01 6.000000000000000125e-03 4.050000000000000266e-01 5.300000000000000266e-01 5.736200000000000188e+01 5.000000000000000278e-02 1.089999999999999997e-01 1.206963999999999942e+03 0.000000000000000000e+00 2.971000000000000085e+00 2.971000000000000085e+00 3.099999999999999978e-01 0.000000000000000000e+00
2.059999999999999887e-01 1.299999999999999940e-02 3.420000000000000262e-01 3.659999999999999920e-01 1.000000000000000021e-02 4.299999999999999933e-01 5.600000000000000533e-01 5.731400000000000006e+01 4.900000000000000189e-02 9.299999999999999933e-02 1.208342000000000098e+03 0.000000000000000000e+00 2.963000000000000078e+00 2.963000000000000078e+00 3.280000000000000138e-01 0.000000000000000000e+00
1.839999999999999969e-01 2.199999999999999872e-02 3.689999999999999947e-01 3.509999999999999787e-01 8.000000000000000167e-03 3.850000000000000089e-01 3.800000000000000044e-01 5.731000000000000227e+01 5.500000000000000028e-02 8.599999999999999312e-02 1.207598999999999933e+03 0.000000000000000000e+00 2.974000000000000199e+00 2.974000000000000199e+00 2.489999999999999991e-01 0.000000000000000000e+00
1.829999999999999960e-01 1.600000000000000033e-02 4.319999999999999951e-01 3.900000000000000133e-01 1.200000000000000025e-02 3.750000000000000000e-01 3.699999999999999956e-01 5.737800000000000011e+01 4.499999999999999833e-02 8.599999999999999312e-02 1.207731999999999971e+03 0.000000000000000000e+00 2.976999999999999869e+00 2.976999999999999869e+00 3.390000000000000235e-01 0.000000000000000000e+00
