1.922000000000000000e+03
1.798000000000000000e+03
1.708000000000000000e+03
1.739000000000000000e+03
1.733000000000000000e+03
1.652000000000000000e+03
1.561000000000000000e+03
1.512000000000000000e+03
1.472000000000000000e+03
1.449000000000000000e+03
1.436000000000000000e+03
1.434000000000000000e+03
1.527000000000000000e+03
1.644000000000000000e+03
1.565000000000000000e+03
1.482000000000000000e+03
1.447000000000000000e+03
1.444000000000000000e+03
1.441000000000000000e+03
1.438000000000000000e+03
1.432000000000000000e+03
1.540000000000000000e+03
1.646000000000000000e+03
1.559000000000000000e+03
1.482000000000000000e+03
1.450000000000000000e+03
1.432000000000000000e+03
1.424000000000000000e+03
1.422000000000000000e+03
1.421000000000000000e+03
1.534000000000000000e+03
1.628000000000000000e+03
1.544000000000000000e+03
1.460000000000000000e+03
1.440000000000000000e+03
1.421000000000000000e+03
1.419000000000000000e+03
1.419000000000000000e+03
1.382000000000000000e+03
1.585000000000000000e+03
1.608000000000000000e+03
1.544000000000000000e+03
1.455000000000000000e+03
1.414000000000000000e+03
1.398000000000000000e+03
1.393000000000000000e+03
1.388000000000000000e+03
1.386000000000000000e+03
1.559000000000000000e+03
1.597000000000000000e+03
1.533000000000000000e+03
1.408000000000000000e+03
1.396000000000000000e+03
1.383000000000000000e+03
1.374000000000000000e+03
1.374000000000000000e+03
1.372000000000000000e+03
1.511000000000000000e+03
1.619000000000000000e+03
1.503000000000000000e+03
1.416000000000000000e+03
1.386000000000000000e+03
1.375000000000000000e+03
1.369000000000000000e+03
1.329000000000000000e+03
1.328000000000000000e+03
1.542000000000000000e+03
1.556000000000000000e+03
1.421000000000000000e+03
1.359000000000000000e+03
1.340000000000000000e+03
1.334000000000000000e+03
1.330000000000000000e+03
1.328000000000000000e+03
1.325000000000000000e+03
1.323000000000000000e+03
1.323000000000000000e+03
1.322000000000000000e+03
1.322000000000000000e+03
1.322000000000000000e+03
1.322000000000000000e+03
1.322000000000000000e+03
1.322000000000000000e+03
1.321000000000000000e+03
1.320000000000000000e+03
1.319000000000000000e+03
1.319000000000000000e+03
1.319000000000000000e+03
1.318000000000000000e+03
1.318000000000000000e+03
1.318000000000000000e+03
1.318000000000000000e+03
1.317000000000000000e+03
1.317000000000000000e+03
1.317000000000000000e+03
1.317000000000000000e+03
1.317000000000000000e+03
1.317000000000000000e+03
1.317000000000000000e+03
1.317000000000000000e+03
1.317000000000000000e+03
1.317000000000000000e+03
1.317000000000000000e+03
1.317000000000000000e+03
1.312000000000000000e+03
1.282000000000000000e+03
1.271000000000000000e+03
1.271000000000000000e+03
1.271000000000000000e+03
1.271000000000000000e+03
1.271000000000000000e+03
1.271000000000000000e+03
1.271000000000000000e+03
1.271000000000000000e+03
1.271000000000000000e+03
1.271000000000000000e+03
1.271000000000000000e+03
1.271000000000000000e+03
1.271000000000000000e+03
1.271000000000000000e+03
1.271000000000000000e+03
1.271000000000000000e+03
1.271000000000000000e+03
1.271000000000000000e+03
1.271000000000000000e+03
1.271000000000000000e+03
1.271000000000000000e+03
1.271000000000000000e+03
1.271000000000000000e+03
1.271000000000000000e+03
1.271000000000000000e+03
1.271000000000000000e+03
1.271000000000000000e+03
1.271000000000000000e+03
1.271000000000000000e+03
1.271000000000000000e+03
1.271000000000000000e+03
1.271000000000000000e+03
1.271000000000000000e+03
1.271000000000000000e+03
1.271000000000000000e+03
1.271000000000000000e+03
1.271000000000000000e+03
1.271000000000000000e+03
1.271000000000000000e+03
1.271000000000000000e+03
1.271000000000000000e+03
1.271000000000000000e+03
1.271000000000000000e+03
1.271000000000000000e+03
