8.633299999999999841e+01
6.848699999999999477e+01
6.268500000000000227e+01
5.719200000000000017e+01
5.625399999999999778e+01
4.806600000000000250e+01
5.066700000000000159e+01
4.251299999999999812e+01
2.649099999999999966e+01
2.479599999999999937e+01
2.490099999999999980e+01
2.815899999999999892e+01
2.372400000000000020e+01
2.381599999999999895e+01
2.369699999999999918e+01
2.383599999999999852e+01
2.388500000000000156e+01
2.381299999999999883e+01
2.382400000000000162e+01
2.377400000000000091e+01
2.376099999999999923e+01
2.378399999999999892e+01
2.371799999999999997e+01
2.388200000000000145e+01
2.375199999999999889e+01
2.364000000000000057e+01
2.391600000000000037e+01
2.372899999999999920e+01
2.383599999999999852e+01
2.379400000000000048e+01
2.387399999999999878e+01
2.381599999999999895e+01
2.387699999999999889e+01
2.380000000000000071e+01
2.373300000000000054e+01
2.373000000000000043e+01
2.373799999999999955e+01
2.374800000000000111e+01
2.380699999999999861e+01
2.409799999999999898e+01
2.406800000000000139e+01
2.369999999999999929e+01
2.366600000000000037e+01
2.385500000000000043e+01
2.397100000000000009e+01
2.378500000000000014e+01
2.408099999999999952e+01
2.401599999999999824e+01
2.383299999999999841e+01
2.389199999999999946e+01
